phenotype_id,phenotype_name,ecotype_id,value,replicate_id
1,root.16S.1.raw.tn2.glmer.pca.n100_PC1,5837,-2.73330706506626,1
1,root.16S.1.raw.tn2.glmer.pca.n100_PC1,6008,1.43067766609448,1
1,root.16S.1.raw.tn2.glmer.pca.n100_PC1,6009,6.27232182546032,1
1,root.16S.1.raw.tn2.glmer.pca.n100_PC1,6016,4.77137725278833,1
1,root.16S.1.raw.tn2.glmer.pca.n100_PC1,6024,2.86960546358063,1
1,root.16S.1.raw.tn2.glmer.pca.n100_PC1,6039,-0.685034052481868,1
1,root.16S.1.raw.tn2.glmer.pca.n100_PC1,6040,-2.30282833769558,1
1,root.16S.1.raw.tn2.glmer.pca.n100_PC1,6042,4.83417892302564,1
1,root.16S.1.raw.tn2.glmer.pca.n100_PC1,6043,6.327434904473,1
1,root.16S.1.raw.tn2.glmer.pca.n100_PC1,6046,0.753799736496406,1
1,root.16S.1.raw.tn2.glmer.pca.n100_PC1,6064,1.81783745568918,1
1,root.16S.1.raw.tn2.glmer.pca.n100_PC1,6074,-0.436345543692559,1
1,root.16S.1.raw.tn2.glmer.pca.n100_PC1,6088,-1.77028035297418,1
1,root.16S.1.raw.tn2.glmer.pca.n100_PC1,6243,0.321603139890867,1
1,root.16S.1.raw.tn2.glmer.pca.n100_PC1,6909,-0.280224635879785,1
1,root.16S.1.raw.tn2.glmer.pca.n100_PC1,8222,-1.94721345575958,1
1,root.16S.1.raw.tn2.glmer.pca.n100_PC1,8230,3.22209558945998,1
1,root.16S.1.raw.tn2.glmer.pca.n100_PC1,8231,-6.21806001096808,1
1,root.16S.1.raw.tn2.glmer.pca.n100_PC1,8233,-3.06836533151818,1
1,root.16S.1.raw.tn2.glmer.pca.n100_PC1,8234,3.50475770780294,1
1,root.16S.1.raw.tn2.glmer.pca.n100_PC1,8235,1.52959735642316,1
1,root.16S.1.raw.tn2.glmer.pca.n100_PC1,8236,3.70042495429156,1
1,root.16S.1.raw.tn2.glmer.pca.n100_PC1,8237,6.97983859795727,1
1,root.16S.1.raw.tn2.glmer.pca.n100_PC1,8238,0.723004190247288,1
1,root.16S.1.raw.tn2.glmer.pca.n100_PC1,8239,-11.0012521884828,1
1,root.16S.1.raw.tn2.glmer.pca.n100_PC1,8240,5.97399521432722,1
1,root.16S.1.raw.tn2.glmer.pca.n100_PC1,8241,3.08880315375266,1
1,root.16S.1.raw.tn2.glmer.pca.n100_PC1,8242,4.32701907503436,1
1,root.16S.1.raw.tn2.glmer.pca.n100_PC1,8243,-2.4169239083574,1
1,root.16S.1.raw.tn2.glmer.pca.n100_PC1,8244,0.440937732495607,1
1,root.16S.1.raw.tn2.glmer.pca.n100_PC1,8245,2.25939787946671,1
1,root.16S.1.raw.tn2.glmer.pca.n100_PC1,8246,5.60454971685977,1
1,root.16S.1.raw.tn2.glmer.pca.n100_PC1,8247,-4.70737561429805,1
1,root.16S.1.raw.tn2.glmer.pca.n100_PC1,8248,-2.65001350522789,1
1,root.16S.1.raw.tn2.glmer.pca.n100_PC1,8249,1.05181528241629,1
1,root.16S.1.raw.tn2.glmer.pca.n100_PC1,8251,2.15833056919465,1
1,root.16S.1.raw.tn2.glmer.pca.n100_PC1,8253,0.801830278838971,1
1,root.16S.1.raw.tn2.glmer.pca.n100_PC1,8254,-0.726744985647329,1
1,root.16S.1.raw.tn2.glmer.pca.n100_PC1,8256,-2.51668491611808,1
1,root.16S.1.raw.tn2.glmer.pca.n100_PC1,8257,1.39855506814736,1
1,root.16S.1.raw.tn2.glmer.pca.n100_PC1,8258,2.00176107169806,1
1,root.16S.1.raw.tn2.glmer.pca.n100_PC1,8259,3.62664059606127,1
1,root.16S.1.raw.tn2.glmer.pca.n100_PC1,8261,3.84970652739201,1
1,root.16S.1.raw.tn2.glmer.pca.n100_PC1,8262,5.95897579721258,1
1,root.16S.1.raw.tn2.glmer.pca.n100_PC1,8263,0.806881322270426,1
1,root.16S.1.raw.tn2.glmer.pca.n100_PC1,8264,2.11160132935594,1
1,root.16S.1.raw.tn2.glmer.pca.n100_PC1,8265,0.880237573796483,1
1,root.16S.1.raw.tn2.glmer.pca.n100_PC1,8266,2.71932422790074,1
1,root.16S.1.raw.tn2.glmer.pca.n100_PC1,8268,5.66287587727888,1
1,root.16S.1.raw.tn2.glmer.pca.n100_PC1,8269,2.78945917087957,1
1,root.16S.1.raw.tn2.glmer.pca.n100_PC1,8270,-4.57750643050513,1
1,root.16S.1.raw.tn2.glmer.pca.n100_PC1,8271,-1.4644925619651,1
1,root.16S.1.raw.tn2.glmer.pca.n100_PC1,8272,2.40741247834419,1
1,root.16S.1.raw.tn2.glmer.pca.n100_PC1,8274,-5.49354319027668,1
1,root.16S.1.raw.tn2.glmer.pca.n100_PC1,8275,2.34282905027123,1
1,root.16S.1.raw.tn2.glmer.pca.n100_PC1,8276,-2.5399196926765,1
1,root.16S.1.raw.tn2.glmer.pca.n100_PC1,8277,0.280473596427362,1
1,root.16S.1.raw.tn2.glmer.pca.n100_PC1,8278,5.36938436684538,1
1,root.16S.1.raw.tn2.glmer.pca.n100_PC1,8280,4.88352581867565,1
1,root.16S.1.raw.tn2.glmer.pca.n100_PC1,8283,-1.74412102241207,1
1,root.16S.1.raw.tn2.glmer.pca.n100_PC1,8284,3.26572524998584,1
1,root.16S.1.raw.tn2.glmer.pca.n100_PC1,8285,-1.82755585761303,1
1,root.16S.1.raw.tn2.glmer.pca.n100_PC1,8287,-0.133596083994584,1
1,root.16S.1.raw.tn2.glmer.pca.n100_PC1,8288,4.7626538491882,1
1,root.16S.1.raw.tn2.glmer.pca.n100_PC1,8289,5.09041273481447,1
1,root.16S.1.raw.tn2.glmer.pca.n100_PC1,8290,-8.03158907609421,1
1,root.16S.1.raw.tn2.glmer.pca.n100_PC1,8291,1.1263178757933,1
1,root.16S.1.raw.tn2.glmer.pca.n100_PC1,8292,1.85249430782121,1
1,root.16S.1.raw.tn2.glmer.pca.n100_PC1,8293,0.690981519694484,1
1,root.16S.1.raw.tn2.glmer.pca.n100_PC1,8294,3.14686001100542,1
1,root.16S.1.raw.tn2.glmer.pca.n100_PC1,8295,-6.32605464716643,1
1,root.16S.1.raw.tn2.glmer.pca.n100_PC1,8296,4.56016148711699,1
1,root.16S.1.raw.tn2.glmer.pca.n100_PC1,8297,0.0651293080260069,1
1,root.16S.1.raw.tn2.glmer.pca.n100_PC1,8298,2.98703188421135,1
1,root.16S.1.raw.tn2.glmer.pca.n100_PC1,8299,0.690214782865825,1
1,root.16S.1.raw.tn2.glmer.pca.n100_PC1,8300,-1.12492344136909,1
1,root.16S.1.raw.tn2.glmer.pca.n100_PC1,8301,-1.97593963679535,1
1,root.16S.1.raw.tn2.glmer.pca.n100_PC1,8303,6.52045141118794,1
1,root.16S.1.raw.tn2.glmer.pca.n100_PC1,8304,-1.40716784390906,1
1,root.16S.1.raw.tn2.glmer.pca.n100_PC1,8306,-6.12223144127003,1
1,root.16S.1.raw.tn2.glmer.pca.n100_PC1,8308,-10.6792655900776,1
1,root.16S.1.raw.tn2.glmer.pca.n100_PC1,8309,0.56012133960144,1
1,root.16S.1.raw.tn2.glmer.pca.n100_PC1,8310,-1.64185483630282,1
1,root.16S.1.raw.tn2.glmer.pca.n100_PC1,8311,5.25073255252919,1
1,root.16S.1.raw.tn2.glmer.pca.n100_PC1,8312,-2.46356770637901,1
1,root.16S.1.raw.tn2.glmer.pca.n100_PC1,8313,-3.3759416206779,1
1,root.16S.1.raw.tn2.glmer.pca.n100_PC1,8314,-2.38229396809756,1
1,root.16S.1.raw.tn2.glmer.pca.n100_PC1,8316,0.480093524815839,1
1,root.16S.1.raw.tn2.glmer.pca.n100_PC1,8317,1.14508596129409,1
1,root.16S.1.raw.tn2.glmer.pca.n100_PC1,8318,-0.842925029383662,1
1,root.16S.1.raw.tn2.glmer.pca.n100_PC1,8319,0.793102533265524,1
1,root.16S.1.raw.tn2.glmer.pca.n100_PC1,8320,4.61709717993692,1
1,root.16S.1.raw.tn2.glmer.pca.n100_PC1,8321,6.2818334212864,1
1,root.16S.1.raw.tn2.glmer.pca.n100_PC1,8322,0.965873120341717,1
1,root.16S.1.raw.tn2.glmer.pca.n100_PC1,8323,4.8337253357406,1
1,root.16S.1.raw.tn2.glmer.pca.n100_PC1,8324,-5.99171056051029,1
1,root.16S.1.raw.tn2.glmer.pca.n100_PC1,8325,-5.72481927919368,1
1,root.16S.1.raw.tn2.glmer.pca.n100_PC1,8326,0.873495389893769,1
1,root.16S.1.raw.tn2.glmer.pca.n100_PC1,8328,0.197803907880422,1
1,root.16S.1.raw.tn2.glmer.pca.n100_PC1,8329,-0.270974903681148,1
1,root.16S.1.raw.tn2.glmer.pca.n100_PC1,8332,-3.61404143304445,1
1,root.16S.1.raw.tn2.glmer.pca.n100_PC1,8333,3.94735972896565,1
1,root.16S.1.raw.tn2.glmer.pca.n100_PC1,8334,-5.9722800653777,1
1,root.16S.1.raw.tn2.glmer.pca.n100_PC1,8335,-6.75646563180312,1
1,root.16S.1.raw.tn2.glmer.pca.n100_PC1,8336,-2.88455851386761,1
1,root.16S.1.raw.tn2.glmer.pca.n100_PC1,8337,3.39700266668824,1
1,root.16S.1.raw.tn2.glmer.pca.n100_PC1,8338,-7.02014771124482,1
1,root.16S.1.raw.tn2.glmer.pca.n100_PC1,8339,1.42630305293775,1
1,root.16S.1.raw.tn2.glmer.pca.n100_PC1,8340,-2.48292117603212,1
1,root.16S.1.raw.tn2.glmer.pca.n100_PC1,8341,-1.2833869776961,1
1,root.16S.1.raw.tn2.glmer.pca.n100_PC1,8342,0.807919753366078,1
1,root.16S.1.raw.tn2.glmer.pca.n100_PC1,8343,-3.93692321887228,1
1,root.16S.1.raw.tn2.glmer.pca.n100_PC1,8344,1.73835695949159,1
1,root.16S.1.raw.tn2.glmer.pca.n100_PC1,8345,2.09406513058808,1
1,root.16S.1.raw.tn2.glmer.pca.n100_PC1,8346,3.8834521161281,1
1,root.16S.1.raw.tn2.glmer.pca.n100_PC1,8347,2.74698974630077,1
1,root.16S.1.raw.tn2.glmer.pca.n100_PC1,8348,-11.1594161664865,1
1,root.16S.1.raw.tn2.glmer.pca.n100_PC1,8349,0.474457808168762,1
1,root.16S.1.raw.tn2.glmer.pca.n100_PC1,8350,-2.37104131547977,1
1,root.16S.1.raw.tn2.glmer.pca.n100_PC1,8351,-9.98721485609231,1
1,root.16S.1.raw.tn2.glmer.pca.n100_PC1,8352,5.90113354589042,1
1,root.16S.1.raw.tn2.glmer.pca.n100_PC1,8353,-8.48948982079644,1
1,root.16S.1.raw.tn2.glmer.pca.n100_PC1,8354,5.6355988341501,1
1,root.16S.1.raw.tn2.glmer.pca.n100_PC1,8355,4.78523662798268,1
1,root.16S.1.raw.tn2.glmer.pca.n100_PC1,8356,0.961235057806551,1
1,root.16S.1.raw.tn2.glmer.pca.n100_PC1,8358,-0.977139876478319,1
1,root.16S.1.raw.tn2.glmer.pca.n100_PC1,8359,4.17536255964834,1
1,root.16S.1.raw.tn2.glmer.pca.n100_PC1,8360,-0.217709869861227,1
1,root.16S.1.raw.tn2.glmer.pca.n100_PC1,8361,-1.86290381085455,1
1,root.16S.1.raw.tn2.glmer.pca.n100_PC1,8362,-6.68634398902594,1
1,root.16S.1.raw.tn2.glmer.pca.n100_PC1,8363,1.14521639250287,1
1,root.16S.1.raw.tn2.glmer.pca.n100_PC1,8364,1.72810290236179,1
1,root.16S.1.raw.tn2.glmer.pca.n100_PC1,8365,3.4320237638296,1
1,root.16S.1.raw.tn2.glmer.pca.n100_PC1,8366,2.35192674117249,1
1,root.16S.1.raw.tn2.glmer.pca.n100_PC1,8367,-3.34702178997674,1
1,root.16S.1.raw.tn2.glmer.pca.n100_PC1,8368,0.719110343458165,1
1,root.16S.1.raw.tn2.glmer.pca.n100_PC1,8369,3.21031557177734,1
1,root.16S.1.raw.tn2.glmer.pca.n100_PC1,8370,-1.47464826290156,1
1,root.16S.1.raw.tn2.glmer.pca.n100_PC1,8371,3.02507977006759,1
1,root.16S.1.raw.tn2.glmer.pca.n100_PC1,8372,0.716470146828529,1
1,root.16S.1.raw.tn2.glmer.pca.n100_PC1,8373,-0.428619906558276,1
1,root.16S.1.raw.tn2.glmer.pca.n100_PC1,8374,-3.08363605672877,1
1,root.16S.1.raw.tn2.glmer.pca.n100_PC1,8375,3.14036415996004,1
1,root.16S.1.raw.tn2.glmer.pca.n100_PC1,8376,4.43532014159952,1
1,root.16S.1.raw.tn2.glmer.pca.n100_PC1,8377,-6.7773406466378,1
1,root.16S.1.raw.tn2.glmer.pca.n100_PC1,8378,-5.26148377668203,1
1,root.16S.1.raw.tn2.glmer.pca.n100_PC1,8379,5.65396895152989,1
1,root.16S.1.raw.tn2.glmer.pca.n100_PC1,8380,-8.02130141573737,1
1,root.16S.1.raw.tn2.glmer.pca.n100_PC1,8381,-4.1443833260772,1
1,root.16S.1.raw.tn2.glmer.pca.n100_PC1,8382,-2.79012456800441,1
1,root.16S.1.raw.tn2.glmer.pca.n100_PC1,8383,-4.03461234914754,1
1,root.16S.1.raw.tn2.glmer.pca.n100_PC1,8384,-3.8105075585758,1
1,root.16S.1.raw.tn2.glmer.pca.n100_PC1,8385,-1.17186293359116,1
1,root.16S.1.raw.tn2.glmer.pca.n100_PC1,8386,3.26699763107569,1
1,root.16S.1.raw.tn2.glmer.pca.n100_PC1,8387,-1.84799052578679,1
1,root.16S.1.raw.tn2.glmer.pca.n100_PC1,8388,-7.49276881255629,1
1,root.16S.1.raw.tn2.glmer.pca.n100_PC1,8389,0.29525039201203,1
1,root.16S.1.raw.tn2.glmer.pca.n100_PC1,8390,3.2328669907338,1
1,root.16S.1.raw.tn2.glmer.pca.n100_PC1,8391,2.36323457129042,1
1,root.16S.1.raw.tn2.glmer.pca.n100_PC1,8392,1.29192609735183,1
1,root.16S.1.raw.tn2.glmer.pca.n100_PC1,8393,-5.04621959347308,1
1,root.16S.1.raw.tn2.glmer.pca.n100_PC1,8394,-7.53426260317696,1
1,root.16S.1.raw.tn2.glmer.pca.n100_PC1,8395,1.50447519829732,1
1,root.16S.1.raw.tn2.glmer.pca.n100_PC1,8396,1.73004139798939,1
1,root.16S.1.raw.tn2.glmer.pca.n100_PC1,8397,0.674859742213302,1
1,root.16S.1.raw.tn2.glmer.pca.n100_PC1,8398,3.48501932226564,1
1,root.16S.1.raw.tn2.glmer.pca.n100_PC1,8399,-4.41393636512968,1
1,root.16S.1.raw.tn2.glmer.pca.n100_PC1,8400,-1.96193757546038,1
1,root.16S.1.raw.tn2.glmer.pca.n100_PC1,8401,2.76604173384403,1
1,root.16S.1.raw.tn2.glmer.pca.n100_PC1,8402,-4.90204458836751,1
1,root.16S.1.raw.tn2.glmer.pca.n100_PC1,8403,1.08728417220862,1
1,root.16S.1.raw.tn2.glmer.pca.n100_PC1,8404,-2.89454736333146,1
1,root.16S.1.raw.tn2.glmer.pca.n100_PC1,8405,-0.113765427673815,1
1,root.16S.1.raw.tn2.glmer.pca.n100_PC1,8406,3.41695110119646,1
1,root.16S.1.raw.tn2.glmer.pca.n100_PC1,8407,-3.63445857522265,1
1,root.16S.1.raw.tn2.glmer.pca.n100_PC1,8408,-2.94072349712709,1
1,root.16S.1.raw.tn2.glmer.pca.n100_PC1,8409,-4.19800902900519,1
1,root.16S.1.raw.tn2.glmer.pca.n100_PC1,8410,3.05690945174057,1
1,root.16S.1.raw.tn2.glmer.pca.n100_PC1,8412,3.24415700470513,1
1,root.16S.1.raw.tn2.glmer.pca.n100_PC1,8420,3.60883515391083,1
1,root.16S.1.raw.tn2.glmer.pca.n100_PC1,8421,-10.2697900347621,1
1,root.16S.1.raw.tn2.glmer.pca.n100_PC1,8422,-1.78651504673767,1
1,root.16S.1.raw.tn2.glmer.pca.n100_PC1,8423,6.17728876555454,1
1,root.16S.1.raw.tn2.glmer.pca.n100_PC1,8424,4.6195694734836,1
1,root.16S.1.raw.tn2.glmer.pca.n100_PC1,8426,-2.21268737789115,1
1,root.16S.1.raw.tn2.glmer.pca.n100_PC1,8428,0.878067996571985,1
1,root.16S.1.raw.tn2.glmer.pca.n100_PC1,8429,1.54435941357677,1
1,root.16S.1.raw.tn2.glmer.pca.n100_PC1,8430,3.49571070576139,1
1,root.16S.1.raw.tn2.glmer.pca.n100_PC1,9057,2.30991253123989,1
1,root.16S.1.raw.tn2.glmer.pca.n100_PC1,9058,-7.29457578329311,1
2,root.16S.1.raw.tn2.glmer.pca.n100_PC2,5837,5.5121131650056,1
2,root.16S.1.raw.tn2.glmer.pca.n100_PC2,6008,-1.63817060891728,1
2,root.16S.1.raw.tn2.glmer.pca.n100_PC2,6009,4.00825152737939,1
2,root.16S.1.raw.tn2.glmer.pca.n100_PC2,6016,2.54279350104754,1
2,root.16S.1.raw.tn2.glmer.pca.n100_PC2,6024,0.6060411021105,1
2,root.16S.1.raw.tn2.glmer.pca.n100_PC2,6039,1.1183080519079,1
2,root.16S.1.raw.tn2.glmer.pca.n100_PC2,6040,2.15909947079411,1
2,root.16S.1.raw.tn2.glmer.pca.n100_PC2,6042,3.46621050489668,1
2,root.16S.1.raw.tn2.glmer.pca.n100_PC2,6043,3.43281519158314,1
2,root.16S.1.raw.tn2.glmer.pca.n100_PC2,6046,-8.64213415773712,1
2,root.16S.1.raw.tn2.glmer.pca.n100_PC2,6064,2.83567755774866,1
2,root.16S.1.raw.tn2.glmer.pca.n100_PC2,6074,3.26264351375583,1
2,root.16S.1.raw.tn2.glmer.pca.n100_PC2,6088,-0.0697906691813627,1
2,root.16S.1.raw.tn2.glmer.pca.n100_PC2,6243,-3.36948123243581,1
2,root.16S.1.raw.tn2.glmer.pca.n100_PC2,6909,-0.620860630926464,1
2,root.16S.1.raw.tn2.glmer.pca.n100_PC2,8222,0.610696517794174,1
2,root.16S.1.raw.tn2.glmer.pca.n100_PC2,8230,1.50196089140354,1
2,root.16S.1.raw.tn2.glmer.pca.n100_PC2,8231,0.963104476950223,1
2,root.16S.1.raw.tn2.glmer.pca.n100_PC2,8233,1.6121870928781,1
2,root.16S.1.raw.tn2.glmer.pca.n100_PC2,8234,0.0822094371005038,1
2,root.16S.1.raw.tn2.glmer.pca.n100_PC2,8235,5.65737751782272,1
2,root.16S.1.raw.tn2.glmer.pca.n100_PC2,8236,4.42857991762305,1
2,root.16S.1.raw.tn2.glmer.pca.n100_PC2,8237,4.22017628965378,1
2,root.16S.1.raw.tn2.glmer.pca.n100_PC2,8238,1.90760443457501,1
2,root.16S.1.raw.tn2.glmer.pca.n100_PC2,8239,2.45091535313315,1
2,root.16S.1.raw.tn2.glmer.pca.n100_PC2,8240,2.40531397377785,1
2,root.16S.1.raw.tn2.glmer.pca.n100_PC2,8241,1.99703107052132,1
2,root.16S.1.raw.tn2.glmer.pca.n100_PC2,8242,1.50225998975217,1
2,root.16S.1.raw.tn2.glmer.pca.n100_PC2,8243,-2.27764467573085,1
2,root.16S.1.raw.tn2.glmer.pca.n100_PC2,8244,-1.68170917839433,1
2,root.16S.1.raw.tn2.glmer.pca.n100_PC2,8245,-0.702086965128167,1
2,root.16S.1.raw.tn2.glmer.pca.n100_PC2,8246,4.33262213986977,1
2,root.16S.1.raw.tn2.glmer.pca.n100_PC2,8247,0.185843716838797,1
2,root.16S.1.raw.tn2.glmer.pca.n100_PC2,8248,-2.62257860446611,1
2,root.16S.1.raw.tn2.glmer.pca.n100_PC2,8249,-3.59457309584752,1
2,root.16S.1.raw.tn2.glmer.pca.n100_PC2,8251,-0.326883173266608,1
2,root.16S.1.raw.tn2.glmer.pca.n100_PC2,8253,0.86393764921878,1
2,root.16S.1.raw.tn2.glmer.pca.n100_PC2,8254,-0.886022482468715,1
2,root.16S.1.raw.tn2.glmer.pca.n100_PC2,8256,4.00231627672441,1
2,root.16S.1.raw.tn2.glmer.pca.n100_PC2,8257,-1.3720133657363,1
2,root.16S.1.raw.tn2.glmer.pca.n100_PC2,8258,1.85450873408516,1
2,root.16S.1.raw.tn2.glmer.pca.n100_PC2,8259,1.66247336187688,1
2,root.16S.1.raw.tn2.glmer.pca.n100_PC2,8261,2.16651108227328,1
2,root.16S.1.raw.tn2.glmer.pca.n100_PC2,8262,2.95681073701407,1
2,root.16S.1.raw.tn2.glmer.pca.n100_PC2,8263,-9.16426045780037,1
2,root.16S.1.raw.tn2.glmer.pca.n100_PC2,8264,0.686275244977281,1
2,root.16S.1.raw.tn2.glmer.pca.n100_PC2,8265,0.50576592756932,1
2,root.16S.1.raw.tn2.glmer.pca.n100_PC2,8266,1.86623793900085,1
2,root.16S.1.raw.tn2.glmer.pca.n100_PC2,8268,2.24456759878699,1
2,root.16S.1.raw.tn2.glmer.pca.n100_PC2,8269,0.165597411057683,1
2,root.16S.1.raw.tn2.glmer.pca.n100_PC2,8270,2.346281448683,1
2,root.16S.1.raw.tn2.glmer.pca.n100_PC2,8271,-1.44640380109579,1
2,root.16S.1.raw.tn2.glmer.pca.n100_PC2,8272,0.872832905020364,1
2,root.16S.1.raw.tn2.glmer.pca.n100_PC2,8274,3.39985574532351,1
2,root.16S.1.raw.tn2.glmer.pca.n100_PC2,8275,0.797468532677114,1
2,root.16S.1.raw.tn2.glmer.pca.n100_PC2,8276,-2.41601724620816,1
2,root.16S.1.raw.tn2.glmer.pca.n100_PC2,8277,-7.50356056554059,1
2,root.16S.1.raw.tn2.glmer.pca.n100_PC2,8278,3.47471362860489,1
2,root.16S.1.raw.tn2.glmer.pca.n100_PC2,8280,2.88469703052604,1
2,root.16S.1.raw.tn2.glmer.pca.n100_PC2,8283,3.72841800007771,1
2,root.16S.1.raw.tn2.glmer.pca.n100_PC2,8284,1.10339638821139,1
2,root.16S.1.raw.tn2.glmer.pca.n100_PC2,8285,3.68254641895929,1
2,root.16S.1.raw.tn2.glmer.pca.n100_PC2,8287,-0.273884382621186,1
2,root.16S.1.raw.tn2.glmer.pca.n100_PC2,8288,2.95806957777567,1
2,root.16S.1.raw.tn2.glmer.pca.n100_PC2,8289,2.69355166391088,1
2,root.16S.1.raw.tn2.glmer.pca.n100_PC2,8290,1.02771048818998,1
2,root.16S.1.raw.tn2.glmer.pca.n100_PC2,8291,1.38724750485835,1
2,root.16S.1.raw.tn2.glmer.pca.n100_PC2,8292,0.298229519160427,1
2,root.16S.1.raw.tn2.glmer.pca.n100_PC2,8293,1.04982979465866,1
2,root.16S.1.raw.tn2.glmer.pca.n100_PC2,8294,0.708889932868107,1
2,root.16S.1.raw.tn2.glmer.pca.n100_PC2,8295,1.81165015482932,1
2,root.16S.1.raw.tn2.glmer.pca.n100_PC2,8296,1.85634953306056,1
2,root.16S.1.raw.tn2.glmer.pca.n100_PC2,8297,4.46226308375741,1
2,root.16S.1.raw.tn2.glmer.pca.n100_PC2,8298,1.34138636579041,1
2,root.16S.1.raw.tn2.glmer.pca.n100_PC2,8299,-0.166407032025219,1
2,root.16S.1.raw.tn2.glmer.pca.n100_PC2,8300,1.25395601645396,1
2,root.16S.1.raw.tn2.glmer.pca.n100_PC2,8301,2.02309596193105,1
2,root.16S.1.raw.tn2.glmer.pca.n100_PC2,8303,4.37600550928867,1
2,root.16S.1.raw.tn2.glmer.pca.n100_PC2,8304,-1.89142747305659,1
2,root.16S.1.raw.tn2.glmer.pca.n100_PC2,8306,2.18375603214947,1
2,root.16S.1.raw.tn2.glmer.pca.n100_PC2,8308,1.75579529509369,1
2,root.16S.1.raw.tn2.glmer.pca.n100_PC2,8309,-9.32239591173112,1
2,root.16S.1.raw.tn2.glmer.pca.n100_PC2,8310,1.12257515549099,1
2,root.16S.1.raw.tn2.glmer.pca.n100_PC2,8311,2.95925620408023,1
2,root.16S.1.raw.tn2.glmer.pca.n100_PC2,8312,5.65171070098815,1
2,root.16S.1.raw.tn2.glmer.pca.n100_PC2,8313,3.99071918604692,1
2,root.16S.1.raw.tn2.glmer.pca.n100_PC2,8314,1.46997393625947,1
2,root.16S.1.raw.tn2.glmer.pca.n100_PC2,8316,-9.16060878718545,1
2,root.16S.1.raw.tn2.glmer.pca.n100_PC2,8317,-8.30509570435325,1
2,root.16S.1.raw.tn2.glmer.pca.n100_PC2,8318,0.922601150831568,1
2,root.16S.1.raw.tn2.glmer.pca.n100_PC2,8319,-0.0720150352912767,1
2,root.16S.1.raw.tn2.glmer.pca.n100_PC2,8320,2.06322827008188,1
2,root.16S.1.raw.tn2.glmer.pca.n100_PC2,8321,3.45410706987156,1
2,root.16S.1.raw.tn2.glmer.pca.n100_PC2,8322,-9.28645861396868,1
2,root.16S.1.raw.tn2.glmer.pca.n100_PC2,8323,2.59882145720368,1
2,root.16S.1.raw.tn2.glmer.pca.n100_PC2,8324,4.05756501576304,1
2,root.16S.1.raw.tn2.glmer.pca.n100_PC2,8325,2.653033688377,1
2,root.16S.1.raw.tn2.glmer.pca.n100_PC2,8326,2.25142816143226,1
2,root.16S.1.raw.tn2.glmer.pca.n100_PC2,8328,1.61013112468317,1
2,root.16S.1.raw.tn2.glmer.pca.n100_PC2,8329,1.46357096804517,1
2,root.16S.1.raw.tn2.glmer.pca.n100_PC2,8332,1.05661056876073,1
2,root.16S.1.raw.tn2.glmer.pca.n100_PC2,8333,2.35289709832489,1
2,root.16S.1.raw.tn2.glmer.pca.n100_PC2,8334,2.08077488903133,1
2,root.16S.1.raw.tn2.glmer.pca.n100_PC2,8335,2.11835824788032,1
2,root.16S.1.raw.tn2.glmer.pca.n100_PC2,8336,0.157506313105131,1
2,root.16S.1.raw.tn2.glmer.pca.n100_PC2,8337,1.10537450795835,1
2,root.16S.1.raw.tn2.glmer.pca.n100_PC2,8338,3.80399141576701,1
2,root.16S.1.raw.tn2.glmer.pca.n100_PC2,8339,-7.80904768021875,1
2,root.16S.1.raw.tn2.glmer.pca.n100_PC2,8340,0.904096692482344,1
2,root.16S.1.raw.tn2.glmer.pca.n100_PC2,8341,6.56701884788261,1
2,root.16S.1.raw.tn2.glmer.pca.n100_PC2,8342,-8.80604813497849,1
2,root.16S.1.raw.tn2.glmer.pca.n100_PC2,8343,4.27160509087388,1
2,root.16S.1.raw.tn2.glmer.pca.n100_PC2,8344,-8.64484615985351,1
2,root.16S.1.raw.tn2.glmer.pca.n100_PC2,8345,1.49564054544031,1
2,root.16S.1.raw.tn2.glmer.pca.n100_PC2,8346,1.93638017292339,1
2,root.16S.1.raw.tn2.glmer.pca.n100_PC2,8347,1.59227428555431,1
2,root.16S.1.raw.tn2.glmer.pca.n100_PC2,8348,1.40489124291598,1
2,root.16S.1.raw.tn2.glmer.pca.n100_PC2,8349,-8.01885960421591,1
2,root.16S.1.raw.tn2.glmer.pca.n100_PC2,8350,1.16935549855771,1
2,root.16S.1.raw.tn2.glmer.pca.n100_PC2,8351,3.3307948404976,1
2,root.16S.1.raw.tn2.glmer.pca.n100_PC2,8352,2.06939955311448,1
2,root.16S.1.raw.tn2.glmer.pca.n100_PC2,8353,3.36396168118641,1
2,root.16S.1.raw.tn2.glmer.pca.n100_PC2,8354,2.75852005680451,1
2,root.16S.1.raw.tn2.glmer.pca.n100_PC2,8355,2.00486190259797,1
2,root.16S.1.raw.tn2.glmer.pca.n100_PC2,8356,1.74079529538651,1
2,root.16S.1.raw.tn2.glmer.pca.n100_PC2,8358,3.57950738842727,1
2,root.16S.1.raw.tn2.glmer.pca.n100_PC2,8359,-0.299039626353985,1
2,root.16S.1.raw.tn2.glmer.pca.n100_PC2,8360,-1.7654664336491,1
2,root.16S.1.raw.tn2.glmer.pca.n100_PC2,8361,-5.21006877884227,1
2,root.16S.1.raw.tn2.glmer.pca.n100_PC2,8362,-0.287565424318423,1
2,root.16S.1.raw.tn2.glmer.pca.n100_PC2,8363,-4.26871859663094,1
2,root.16S.1.raw.tn2.glmer.pca.n100_PC2,8364,-0.836619722704165,1
2,root.16S.1.raw.tn2.glmer.pca.n100_PC2,8365,-2.11485996282435,1
2,root.16S.1.raw.tn2.glmer.pca.n100_PC2,8366,-2.89411578789935,1
2,root.16S.1.raw.tn2.glmer.pca.n100_PC2,8367,1.04545604841808,1
2,root.16S.1.raw.tn2.glmer.pca.n100_PC2,8368,-3.85902261624359,1
2,root.16S.1.raw.tn2.glmer.pca.n100_PC2,8369,-3.17007420025094,1
2,root.16S.1.raw.tn2.glmer.pca.n100_PC2,8370,-4.93842773901182,1
2,root.16S.1.raw.tn2.glmer.pca.n100_PC2,8371,-2.53149552942103,1
2,root.16S.1.raw.tn2.glmer.pca.n100_PC2,8372,-9.09645295743123,1
2,root.16S.1.raw.tn2.glmer.pca.n100_PC2,8373,-3.12639082703344,1
2,root.16S.1.raw.tn2.glmer.pca.n100_PC2,8374,-0.111586080122243,1
2,root.16S.1.raw.tn2.glmer.pca.n100_PC2,8375,-2.82249800175324,1
2,root.16S.1.raw.tn2.glmer.pca.n100_PC2,8376,-0.0234743754404525,1
2,root.16S.1.raw.tn2.glmer.pca.n100_PC2,8377,-0.53243269779758,1
2,root.16S.1.raw.tn2.glmer.pca.n100_PC2,8378,-4.00331116607128,1
2,root.16S.1.raw.tn2.glmer.pca.n100_PC2,8379,3.69109162880446,1
2,root.16S.1.raw.tn2.glmer.pca.n100_PC2,8380,-2.38790473424978,1
2,root.16S.1.raw.tn2.glmer.pca.n100_PC2,8381,-2.24845725928474,1
2,root.16S.1.raw.tn2.glmer.pca.n100_PC2,8382,-4.85250362994347,1
2,root.16S.1.raw.tn2.glmer.pca.n100_PC2,8383,-0.314287702598068,1
2,root.16S.1.raw.tn2.glmer.pca.n100_PC2,8384,-0.0369557742824117,1
2,root.16S.1.raw.tn2.glmer.pca.n100_PC2,8385,-1.08480429849483,1
2,root.16S.1.raw.tn2.glmer.pca.n100_PC2,8386,-2.10610648103075,1
2,root.16S.1.raw.tn2.glmer.pca.n100_PC2,8387,0.0598304382270041,1
2,root.16S.1.raw.tn2.glmer.pca.n100_PC2,8388,-0.488824824702621,1
2,root.16S.1.raw.tn2.glmer.pca.n100_PC2,8389,-6.43818308060299,1
2,root.16S.1.raw.tn2.glmer.pca.n100_PC2,8390,-2.81823428359323,1
2,root.16S.1.raw.tn2.glmer.pca.n100_PC2,8391,-4.82690993932909,1
2,root.16S.1.raw.tn2.glmer.pca.n100_PC2,8392,1.79338217586717,1
2,root.16S.1.raw.tn2.glmer.pca.n100_PC2,8393,-2.01009937250791,1
2,root.16S.1.raw.tn2.glmer.pca.n100_PC2,8394,-0.876648267594836,1
2,root.16S.1.raw.tn2.glmer.pca.n100_PC2,8395,-3.8420898223162,1
2,root.16S.1.raw.tn2.glmer.pca.n100_PC2,8396,-3.42796471673559,1
2,root.16S.1.raw.tn2.glmer.pca.n100_PC2,8397,-8.52766083776148,1
2,root.16S.1.raw.tn2.glmer.pca.n100_PC2,8398,-2.38784979406122,1
2,root.16S.1.raw.tn2.glmer.pca.n100_PC2,8399,-1.85111189586187,1
2,root.16S.1.raw.tn2.glmer.pca.n100_PC2,8400,-4.26918198247725,1
2,root.16S.1.raw.tn2.glmer.pca.n100_PC2,8401,-3.38191530102839,1
2,root.16S.1.raw.tn2.glmer.pca.n100_PC2,8402,-1.58711853945759,1
2,root.16S.1.raw.tn2.glmer.pca.n100_PC2,8403,-3.18903331870146,1
2,root.16S.1.raw.tn2.glmer.pca.n100_PC2,8404,-0.645275223051747,1
2,root.16S.1.raw.tn2.glmer.pca.n100_PC2,8405,-6.92330858757185,1
2,root.16S.1.raw.tn2.glmer.pca.n100_PC2,8406,-2.17290379485845,1
2,root.16S.1.raw.tn2.glmer.pca.n100_PC2,8407,0.0935695224037117,1
2,root.16S.1.raw.tn2.glmer.pca.n100_PC2,8408,3.92798030416814,1
2,root.16S.1.raw.tn2.glmer.pca.n100_PC2,8409,-0.318111895400139,1
2,root.16S.1.raw.tn2.glmer.pca.n100_PC2,8410,2.41366683255839,1
2,root.16S.1.raw.tn2.glmer.pca.n100_PC2,8412,-1.19599719682333,1
2,root.16S.1.raw.tn2.glmer.pca.n100_PC2,8420,1.21540335531302,1
2,root.16S.1.raw.tn2.glmer.pca.n100_PC2,8421,5.06486918911785,1
2,root.16S.1.raw.tn2.glmer.pca.n100_PC2,8422,5.6032414840765,1
2,root.16S.1.raw.tn2.glmer.pca.n100_PC2,8423,3.62816469291847,1
2,root.16S.1.raw.tn2.glmer.pca.n100_PC2,8424,3.45488345997833,1
2,root.16S.1.raw.tn2.glmer.pca.n100_PC2,8426,1.80595302242925,1
2,root.16S.1.raw.tn2.glmer.pca.n100_PC2,8428,-3.77084589828143,1
2,root.16S.1.raw.tn2.glmer.pca.n100_PC2,8429,-2.1238769657104,1
2,root.16S.1.raw.tn2.glmer.pca.n100_PC2,8430,0.718253948580193,1
2,root.16S.1.raw.tn2.glmer.pca.n100_PC2,9057,-3.74135358200888,1
2,root.16S.1.raw.tn2.glmer.pca.n100_PC2,9058,-1.07549427335435,1
3,root.16S.1.raw.tn2.glmer.pca.n100_PC3,5837,-3.69881189074057,1
3,root.16S.1.raw.tn2.glmer.pca.n100_PC3,6008,4.74480871219486,1
3,root.16S.1.raw.tn2.glmer.pca.n100_PC3,6009,-0.381272114521498,1
3,root.16S.1.raw.tn2.glmer.pca.n100_PC3,6016,1.6295330822303,1
3,root.16S.1.raw.tn2.glmer.pca.n100_PC3,6024,-1.47284045618779,1
3,root.16S.1.raw.tn2.glmer.pca.n100_PC3,6039,-2.31584249991777,1
3,root.16S.1.raw.tn2.glmer.pca.n100_PC3,6040,3.39071715302925,1
3,root.16S.1.raw.tn2.glmer.pca.n100_PC3,6042,-0.578997602503267,1
3,root.16S.1.raw.tn2.glmer.pca.n100_PC3,6043,-1.37449546467414,1
3,root.16S.1.raw.tn2.glmer.pca.n100_PC3,6046,-4.61799367210176,1
3,root.16S.1.raw.tn2.glmer.pca.n100_PC3,6064,-1.78107173812482,1
3,root.16S.1.raw.tn2.glmer.pca.n100_PC3,6074,-4.14569252929179,1
3,root.16S.1.raw.tn2.glmer.pca.n100_PC3,6088,-1.15535266332274,1
3,root.16S.1.raw.tn2.glmer.pca.n100_PC3,6243,-2.93144981069569,1
3,root.16S.1.raw.tn2.glmer.pca.n100_PC3,6909,4.0716764409874,1
3,root.16S.1.raw.tn2.glmer.pca.n100_PC3,8222,1.87859866210189,1
3,root.16S.1.raw.tn2.glmer.pca.n100_PC3,8230,2.53744641451907,1
3,root.16S.1.raw.tn2.glmer.pca.n100_PC3,8231,-0.330187964441196,1
3,root.16S.1.raw.tn2.glmer.pca.n100_PC3,8233,0.370101683342294,1
3,root.16S.1.raw.tn2.glmer.pca.n100_PC3,8234,1.63364675013684,1
3,root.16S.1.raw.tn2.glmer.pca.n100_PC3,8235,-2.286814681777,1
3,root.16S.1.raw.tn2.glmer.pca.n100_PC3,8236,-2.70357413744621,1
3,root.16S.1.raw.tn2.glmer.pca.n100_PC3,8237,-0.885889366804555,1
3,root.16S.1.raw.tn2.glmer.pca.n100_PC3,8238,-2.03108149907307,1
3,root.16S.1.raw.tn2.glmer.pca.n100_PC3,8239,-3.10888805289342,1
3,root.16S.1.raw.tn2.glmer.pca.n100_PC3,8240,-2.55318487765739,1
3,root.16S.1.raw.tn2.glmer.pca.n100_PC3,8241,-2.26860665811044,1
3,root.16S.1.raw.tn2.glmer.pca.n100_PC3,8242,-2.83587448006266,1
3,root.16S.1.raw.tn2.glmer.pca.n100_PC3,8243,4.95037879734918,1
3,root.16S.1.raw.tn2.glmer.pca.n100_PC3,8244,3.89950908168925,1
3,root.16S.1.raw.tn2.glmer.pca.n100_PC3,8245,2.10148150342897,1
3,root.16S.1.raw.tn2.glmer.pca.n100_PC3,8246,-0.800021766960574,1
3,root.16S.1.raw.tn2.glmer.pca.n100_PC3,8247,6.25926892519147,1
3,root.16S.1.raw.tn2.glmer.pca.n100_PC3,8248,4.7790149850432,1
3,root.16S.1.raw.tn2.glmer.pca.n100_PC3,8249,3.1804545600032,1
3,root.16S.1.raw.tn2.glmer.pca.n100_PC3,8251,3.70822071991174,1
3,root.16S.1.raw.tn2.glmer.pca.n100_PC3,8253,3.63762114352335,1
3,root.16S.1.raw.tn2.glmer.pca.n100_PC3,8254,5.02502537127061,1
3,root.16S.1.raw.tn2.glmer.pca.n100_PC3,8256,-1.69797004685993,1
3,root.16S.1.raw.tn2.glmer.pca.n100_PC3,8257,5.5373214150733,1
3,root.16S.1.raw.tn2.glmer.pca.n100_PC3,8258,3.11532167102848,1
3,root.16S.1.raw.tn2.glmer.pca.n100_PC3,8259,1.4915425438832,1
3,root.16S.1.raw.tn2.glmer.pca.n100_PC3,8261,-1.46434713257587,1
3,root.16S.1.raw.tn2.glmer.pca.n100_PC3,8262,0.0198836248098816,1
3,root.16S.1.raw.tn2.glmer.pca.n100_PC3,8263,-4.98142996333352,1
3,root.16S.1.raw.tn2.glmer.pca.n100_PC3,8264,3.26428052709353,1
3,root.16S.1.raw.tn2.glmer.pca.n100_PC3,8265,2.58412782071983,1
3,root.16S.1.raw.tn2.glmer.pca.n100_PC3,8266,3.50112253979739,1
3,root.16S.1.raw.tn2.glmer.pca.n100_PC3,8268,-1.30965266806853,1
3,root.16S.1.raw.tn2.glmer.pca.n100_PC3,8269,2.39689480807282,1
3,root.16S.1.raw.tn2.glmer.pca.n100_PC3,8270,2.65501574344307,1
3,root.16S.1.raw.tn2.glmer.pca.n100_PC3,8271,5.10499949591044,1
3,root.16S.1.raw.tn2.glmer.pca.n100_PC3,8272,2.84454950560308,1
3,root.16S.1.raw.tn2.glmer.pca.n100_PC3,8274,2.0400510004819,1
3,root.16S.1.raw.tn2.glmer.pca.n100_PC3,8275,1.73921251766891,1
3,root.16S.1.raw.tn2.glmer.pca.n100_PC3,8276,7.0026920935408,1
3,root.16S.1.raw.tn2.glmer.pca.n100_PC3,8277,-2.94763538872199,1
3,root.16S.1.raw.tn2.glmer.pca.n100_PC3,8278,0.771155329874871,1
3,root.16S.1.raw.tn2.glmer.pca.n100_PC3,8280,-0.341845263058699,1
3,root.16S.1.raw.tn2.glmer.pca.n100_PC3,8283,-0.788518228159475,1
3,root.16S.1.raw.tn2.glmer.pca.n100_PC3,8284,4.56401545001536,1
3,root.16S.1.raw.tn2.glmer.pca.n100_PC3,8285,-2.06904402912215,1
3,root.16S.1.raw.tn2.glmer.pca.n100_PC3,8287,4.55464508959525,1
3,root.16S.1.raw.tn2.glmer.pca.n100_PC3,8288,-1.00305213227467,1
3,root.16S.1.raw.tn2.glmer.pca.n100_PC3,8289,-0.993906273262735,1
3,root.16S.1.raw.tn2.glmer.pca.n100_PC3,8290,2.83989387266091,1
3,root.16S.1.raw.tn2.glmer.pca.n100_PC3,8291,3.18363074423254,1
3,root.16S.1.raw.tn2.glmer.pca.n100_PC3,8292,2.09209044536081,1
3,root.16S.1.raw.tn2.glmer.pca.n100_PC3,8293,3.91640105481662,1
3,root.16S.1.raw.tn2.glmer.pca.n100_PC3,8294,2.76468773825444,1
3,root.16S.1.raw.tn2.glmer.pca.n100_PC3,8295,1.22865783340209,1
3,root.16S.1.raw.tn2.glmer.pca.n100_PC3,8296,-1.07251413359393,1
3,root.16S.1.raw.tn2.glmer.pca.n100_PC3,8297,-2.9206987450113,1
3,root.16S.1.raw.tn2.glmer.pca.n100_PC3,8298,1.01382942584951,1
3,root.16S.1.raw.tn2.glmer.pca.n100_PC3,8299,3.09127352269129,1
3,root.16S.1.raw.tn2.glmer.pca.n100_PC3,8300,0.883013085964287,1
3,root.16S.1.raw.tn2.glmer.pca.n100_PC3,8301,-0.417432556647029,1
3,root.16S.1.raw.tn2.glmer.pca.n100_PC3,8303,-0.650631266576486,1
3,root.16S.1.raw.tn2.glmer.pca.n100_PC3,8304,5.28380232590135,1
3,root.16S.1.raw.tn2.glmer.pca.n100_PC3,8306,-4.39089380466574,1
3,root.16S.1.raw.tn2.glmer.pca.n100_PC3,8308,1.30443715360203,1
3,root.16S.1.raw.tn2.glmer.pca.n100_PC3,8309,-4.95787640215331,1
3,root.16S.1.raw.tn2.glmer.pca.n100_PC3,8310,1.13396247489561,1
3,root.16S.1.raw.tn2.glmer.pca.n100_PC3,8311,-1.67862597086494,1
3,root.16S.1.raw.tn2.glmer.pca.n100_PC3,8312,-2.80642491120364,1
3,root.16S.1.raw.tn2.glmer.pca.n100_PC3,8313,-3.48421797008335,1
3,root.16S.1.raw.tn2.glmer.pca.n100_PC3,8314,0.842720848307936,1
3,root.16S.1.raw.tn2.glmer.pca.n100_PC3,8316,-4.45031939595247,1
3,root.16S.1.raw.tn2.glmer.pca.n100_PC3,8317,-4.23655858366215,1
3,root.16S.1.raw.tn2.glmer.pca.n100_PC3,8318,1.64070990500642,1
3,root.16S.1.raw.tn2.glmer.pca.n100_PC3,8319,3.36431507300339,1
3,root.16S.1.raw.tn2.glmer.pca.n100_PC3,8320,-1.99512980885997,1
3,root.16S.1.raw.tn2.glmer.pca.n100_PC3,8321,-1.5346817949241,1
3,root.16S.1.raw.tn2.glmer.pca.n100_PC3,8322,-4.98906374302657,1
3,root.16S.1.raw.tn2.glmer.pca.n100_PC3,8323,-1.57343286685756,1
3,root.16S.1.raw.tn2.glmer.pca.n100_PC3,8324,-2.7797338851211,1
3,root.16S.1.raw.tn2.glmer.pca.n100_PC3,8325,-4.19511521578181,1
3,root.16S.1.raw.tn2.glmer.pca.n100_PC3,8326,-3.48466915226982,1
3,root.16S.1.raw.tn2.glmer.pca.n100_PC3,8328,-2.01556570147698,1
3,root.16S.1.raw.tn2.glmer.pca.n100_PC3,8329,1.44826860838935,1
3,root.16S.1.raw.tn2.glmer.pca.n100_PC3,8332,2.59607498822332,1
3,root.16S.1.raw.tn2.glmer.pca.n100_PC3,8333,-2.08267254253167,1
3,root.16S.1.raw.tn2.glmer.pca.n100_PC3,8334,-4.38962790663497,1
3,root.16S.1.raw.tn2.glmer.pca.n100_PC3,8335,-4.75175430617492,1
3,root.16S.1.raw.tn2.glmer.pca.n100_PC3,8336,2.40423773989456,1
3,root.16S.1.raw.tn2.glmer.pca.n100_PC3,8337,-2.07057746360187,1
3,root.16S.1.raw.tn2.glmer.pca.n100_PC3,8338,-1.6147856013148,1
3,root.16S.1.raw.tn2.glmer.pca.n100_PC3,8339,-5.08650058490632,1
3,root.16S.1.raw.tn2.glmer.pca.n100_PC3,8340,2.37411178957507,1
3,root.16S.1.raw.tn2.glmer.pca.n100_PC3,8341,-4.11090394850123,1
3,root.16S.1.raw.tn2.glmer.pca.n100_PC3,8342,-4.76497190803547,1
3,root.16S.1.raw.tn2.glmer.pca.n100_PC3,8343,-5.01182153318765,1
3,root.16S.1.raw.tn2.glmer.pca.n100_PC3,8344,-5.07756769457746,1
3,root.16S.1.raw.tn2.glmer.pca.n100_PC3,8345,-1.15069298759237,1
3,root.16S.1.raw.tn2.glmer.pca.n100_PC3,8346,-2.39987988854449,1
3,root.16S.1.raw.tn2.glmer.pca.n100_PC3,8347,-4.08203438148337,1
3,root.16S.1.raw.tn2.glmer.pca.n100_PC3,8348,0.829616948926075,1
3,root.16S.1.raw.tn2.glmer.pca.n100_PC3,8349,-3.85074259635002,1
3,root.16S.1.raw.tn2.glmer.pca.n100_PC3,8350,-3.99392639359595,1
3,root.16S.1.raw.tn2.glmer.pca.n100_PC3,8351,-2.68218663662342,1
3,root.16S.1.raw.tn2.glmer.pca.n100_PC3,8352,-1.45474096259113,1
3,root.16S.1.raw.tn2.glmer.pca.n100_PC3,8353,-2.53821205787751,1
3,root.16S.1.raw.tn2.glmer.pca.n100_PC3,8354,-2.28452567674369,1
3,root.16S.1.raw.tn2.glmer.pca.n100_PC3,8355,-2.20585944972225,1
3,root.16S.1.raw.tn2.glmer.pca.n100_PC3,8356,2.60482478574608,1
3,root.16S.1.raw.tn2.glmer.pca.n100_PC3,8358,-1.56174065588699,1
3,root.16S.1.raw.tn2.glmer.pca.n100_PC3,8359,1.87402459879432,1
3,root.16S.1.raw.tn2.glmer.pca.n100_PC3,8360,5.98363433705384,1
3,root.16S.1.raw.tn2.glmer.pca.n100_PC3,8361,3.56880235115865,1
3,root.16S.1.raw.tn2.glmer.pca.n100_PC3,8362,0.0886833133762142,1
3,root.16S.1.raw.tn2.glmer.pca.n100_PC3,8363,0.420444061331613,1
3,root.16S.1.raw.tn2.glmer.pca.n100_PC3,8364,2.80834871837365,1
3,root.16S.1.raw.tn2.glmer.pca.n100_PC3,8365,0.885214443342808,1
3,root.16S.1.raw.tn2.glmer.pca.n100_PC3,8366,3.17187725356479,1
3,root.16S.1.raw.tn2.glmer.pca.n100_PC3,8367,-3.39408974322462,1
3,root.16S.1.raw.tn2.glmer.pca.n100_PC3,8368,0.168018311735169,1
3,root.16S.1.raw.tn2.glmer.pca.n100_PC3,8369,-2.7917574725156,1
3,root.16S.1.raw.tn2.glmer.pca.n100_PC3,8370,1.08432391763329,1
3,root.16S.1.raw.tn2.glmer.pca.n100_PC3,8371,-2.74628520234917,1
3,root.16S.1.raw.tn2.glmer.pca.n100_PC3,8372,-4.54355797361152,1
3,root.16S.1.raw.tn2.glmer.pca.n100_PC3,8373,5.33377627703718,1
3,root.16S.1.raw.tn2.glmer.pca.n100_PC3,8374,1.63544404786476,1
3,root.16S.1.raw.tn2.glmer.pca.n100_PC3,8375,2.37129722954807,1
3,root.16S.1.raw.tn2.glmer.pca.n100_PC3,8376,2.42872429164487,1
3,root.16S.1.raw.tn2.glmer.pca.n100_PC3,8377,-2.5755381999528,1
3,root.16S.1.raw.tn2.glmer.pca.n100_PC3,8378,-1.85457862700822,1
3,root.16S.1.raw.tn2.glmer.pca.n100_PC3,8379,-0.723437740731967,1
3,root.16S.1.raw.tn2.glmer.pca.n100_PC3,8380,2.3026798323236,1
3,root.16S.1.raw.tn2.glmer.pca.n100_PC3,8381,6.05348403718249,1
3,root.16S.1.raw.tn2.glmer.pca.n100_PC3,8382,6.24293600162132,1
3,root.16S.1.raw.tn2.glmer.pca.n100_PC3,8383,6.63961199772997,1
3,root.16S.1.raw.tn2.glmer.pca.n100_PC3,8384,0.551143630078324,1
3,root.16S.1.raw.tn2.glmer.pca.n100_PC3,8385,1.17436580985355,1
3,root.16S.1.raw.tn2.glmer.pca.n100_PC3,8386,1.47885045600168,1
3,root.16S.1.raw.tn2.glmer.pca.n100_PC3,8387,0.695600498499011,1
3,root.16S.1.raw.tn2.glmer.pca.n100_PC3,8388,1.99753360778436,1
3,root.16S.1.raw.tn2.glmer.pca.n100_PC3,8389,0.273798516438857,1
3,root.16S.1.raw.tn2.glmer.pca.n100_PC3,8390,2.67253990118378,1
3,root.16S.1.raw.tn2.glmer.pca.n100_PC3,8391,0.095422414602067,1
3,root.16S.1.raw.tn2.glmer.pca.n100_PC3,8392,-0.524260027923216,1
3,root.16S.1.raw.tn2.glmer.pca.n100_PC3,8393,-5.50163512964114,1
3,root.16S.1.raw.tn2.glmer.pca.n100_PC3,8394,0.748718820574452,1
3,root.16S.1.raw.tn2.glmer.pca.n100_PC3,8395,0.0594918741257158,1
3,root.16S.1.raw.tn2.glmer.pca.n100_PC3,8396,2.47434886013285,1
3,root.16S.1.raw.tn2.glmer.pca.n100_PC3,8397,-3.94154356834363,1
3,root.16S.1.raw.tn2.glmer.pca.n100_PC3,8398,-2.25796038182289,1
3,root.16S.1.raw.tn2.glmer.pca.n100_PC3,8399,-5.8359120864057,1
3,root.16S.1.raw.tn2.glmer.pca.n100_PC3,8400,4.29381450269212,1
3,root.16S.1.raw.tn2.glmer.pca.n100_PC3,8401,-0.319280354764721,1
3,root.16S.1.raw.tn2.glmer.pca.n100_PC3,8402,-3.51669185998223,1
3,root.16S.1.raw.tn2.glmer.pca.n100_PC3,8403,-2.59783437998598,1
3,root.16S.1.raw.tn2.glmer.pca.n100_PC3,8404,-1.74813737453288,1
3,root.16S.1.raw.tn2.glmer.pca.n100_PC3,8405,-0.401617665828179,1
3,root.16S.1.raw.tn2.glmer.pca.n100_PC3,8406,-2.14352688441174,1
3,root.16S.1.raw.tn2.glmer.pca.n100_PC3,8407,6.08766725009525,1
3,root.16S.1.raw.tn2.glmer.pca.n100_PC3,8408,-2.86415956702994,1
3,root.16S.1.raw.tn2.glmer.pca.n100_PC3,8409,5.91673382163592,1
3,root.16S.1.raw.tn2.glmer.pca.n100_PC3,8410,1.19777716242722,1
3,root.16S.1.raw.tn2.glmer.pca.n100_PC3,8412,2.84466964628563,1
3,root.16S.1.raw.tn2.glmer.pca.n100_PC3,8420,1.31798518679568,1
3,root.16S.1.raw.tn2.glmer.pca.n100_PC3,8421,-3.04451223684838,1
3,root.16S.1.raw.tn2.glmer.pca.n100_PC3,8422,-3.00438434811414,1
3,root.16S.1.raw.tn2.glmer.pca.n100_PC3,8423,-0.571029304083147,1
3,root.16S.1.raw.tn2.glmer.pca.n100_PC3,8424,-0.869100939607847,1
3,root.16S.1.raw.tn2.glmer.pca.n100_PC3,8426,2.76435045502439,1
3,root.16S.1.raw.tn2.glmer.pca.n100_PC3,8428,-3.84300699051849,1
3,root.16S.1.raw.tn2.glmer.pca.n100_PC3,8429,3.2918969231189,1
3,root.16S.1.raw.tn2.glmer.pca.n100_PC3,8430,-1.43268656480468,1
3,root.16S.1.raw.tn2.glmer.pca.n100_PC3,9057,0.0354309261547018,1
3,root.16S.1.raw.tn2.glmer.pca.n100_PC3,9058,-5.15718005009117,1
4,root.16S.1.raw.tn2.glmer.pca.n100_PC4,5837,1.80087535076606,1
4,root.16S.1.raw.tn2.glmer.pca.n100_PC4,6008,-4.52679232766419,1
4,root.16S.1.raw.tn2.glmer.pca.n100_PC4,6009,-2.67242213547819,1
4,root.16S.1.raw.tn2.glmer.pca.n100_PC4,6016,-1.57832183983205,1
4,root.16S.1.raw.tn2.glmer.pca.n100_PC4,6024,2.96186722561986,1
4,root.16S.1.raw.tn2.glmer.pca.n100_PC4,6039,-0.779807001113818,1
4,root.16S.1.raw.tn2.glmer.pca.n100_PC4,6040,-5.61917743865033,1
4,root.16S.1.raw.tn2.glmer.pca.n100_PC4,6042,-4.65770102009447,1
4,root.16S.1.raw.tn2.glmer.pca.n100_PC4,6043,-1.94402009036357,1
4,root.16S.1.raw.tn2.glmer.pca.n100_PC4,6046,-0.0108259320086781,1
4,root.16S.1.raw.tn2.glmer.pca.n100_PC4,6064,-5.41921322256785,1
4,root.16S.1.raw.tn2.glmer.pca.n100_PC4,6074,3.38977456473419,1
4,root.16S.1.raw.tn2.glmer.pca.n100_PC4,6088,-1.92253267758001,1
4,root.16S.1.raw.tn2.glmer.pca.n100_PC4,6243,2.36066663142159,1
4,root.16S.1.raw.tn2.glmer.pca.n100_PC4,6909,1.72461643027086,1
4,root.16S.1.raw.tn2.glmer.pca.n100_PC4,8222,3.10631117600539,1
4,root.16S.1.raw.tn2.glmer.pca.n100_PC4,8230,-0.608604810938314,1
4,root.16S.1.raw.tn2.glmer.pca.n100_PC4,8231,-1.76721032409547,1
4,root.16S.1.raw.tn2.glmer.pca.n100_PC4,8233,0.487699752036144,1
4,root.16S.1.raw.tn2.glmer.pca.n100_PC4,8234,1.4021101947308,1
4,root.16S.1.raw.tn2.glmer.pca.n100_PC4,8235,-3.47599129280171,1
4,root.16S.1.raw.tn2.glmer.pca.n100_PC4,8236,0.152404810344457,1
4,root.16S.1.raw.tn2.glmer.pca.n100_PC4,8237,-2.74669066772416,1
4,root.16S.1.raw.tn2.glmer.pca.n100_PC4,8238,-3.38159537534044,1
4,root.16S.1.raw.tn2.glmer.pca.n100_PC4,8239,-0.45803783480534,1
4,root.16S.1.raw.tn2.glmer.pca.n100_PC4,8240,1.6710014250794,1
4,root.16S.1.raw.tn2.glmer.pca.n100_PC4,8241,3.18166890935362,1
4,root.16S.1.raw.tn2.glmer.pca.n100_PC4,8242,3.7513561805325,1
4,root.16S.1.raw.tn2.glmer.pca.n100_PC4,8243,1.03402474699875,1
4,root.16S.1.raw.tn2.glmer.pca.n100_PC4,8244,2.16483937135395,1
4,root.16S.1.raw.tn2.glmer.pca.n100_PC4,8245,-0.779984153932639,1
4,root.16S.1.raw.tn2.glmer.pca.n100_PC4,8246,-1.6587111321746,1
4,root.16S.1.raw.tn2.glmer.pca.n100_PC4,8247,2.0514301076198,1
4,root.16S.1.raw.tn2.glmer.pca.n100_PC4,8248,0.896403024198445,1
4,root.16S.1.raw.tn2.glmer.pca.n100_PC4,8249,-1.11665601439763,1
4,root.16S.1.raw.tn2.glmer.pca.n100_PC4,8251,2.01596593747524,1
4,root.16S.1.raw.tn2.glmer.pca.n100_PC4,8253,3.48698118975195,1
4,root.16S.1.raw.tn2.glmer.pca.n100_PC4,8254,2.95239224218915,1
4,root.16S.1.raw.tn2.glmer.pca.n100_PC4,8256,1.7519104270118,1
4,root.16S.1.raw.tn2.glmer.pca.n100_PC4,8257,0.0481692126601724,1
4,root.16S.1.raw.tn2.glmer.pca.n100_PC4,8258,2.21151946864589,1
4,root.16S.1.raw.tn2.glmer.pca.n100_PC4,8259,1.23340502167287,1
4,root.16S.1.raw.tn2.glmer.pca.n100_PC4,8261,3.68594922655391,1
4,root.16S.1.raw.tn2.glmer.pca.n100_PC4,8262,-4.41508351800505,1
4,root.16S.1.raw.tn2.glmer.pca.n100_PC4,8263,1.10552606411334,1
4,root.16S.1.raw.tn2.glmer.pca.n100_PC4,8264,-5.82775268745739,1
4,root.16S.1.raw.tn2.glmer.pca.n100_PC4,8265,2.42540307747151,1
4,root.16S.1.raw.tn2.glmer.pca.n100_PC4,8266,2.76609744099025,1
4,root.16S.1.raw.tn2.glmer.pca.n100_PC4,8268,2.6201099489529,1
4,root.16S.1.raw.tn2.glmer.pca.n100_PC4,8269,-5.26906406686766,1
4,root.16S.1.raw.tn2.glmer.pca.n100_PC4,8270,1.55781219081292,1
4,root.16S.1.raw.tn2.glmer.pca.n100_PC4,8271,1.09987157974532,1
4,root.16S.1.raw.tn2.glmer.pca.n100_PC4,8272,1.33420277345395,1
4,root.16S.1.raw.tn2.glmer.pca.n100_PC4,8274,1.72752104446915,1
4,root.16S.1.raw.tn2.glmer.pca.n100_PC4,8275,-0.10346799400402,1
4,root.16S.1.raw.tn2.glmer.pca.n100_PC4,8276,1.94915476749102,1
4,root.16S.1.raw.tn2.glmer.pca.n100_PC4,8277,0.573177288737926,1
4,root.16S.1.raw.tn2.glmer.pca.n100_PC4,8278,-5.1801576987541,1
4,root.16S.1.raw.tn2.glmer.pca.n100_PC4,8280,1.05885369982703,1
4,root.16S.1.raw.tn2.glmer.pca.n100_PC4,8283,-4.62377932252123,1
4,root.16S.1.raw.tn2.glmer.pca.n100_PC4,8284,-4.59738195512986,1
4,root.16S.1.raw.tn2.glmer.pca.n100_PC4,8285,0.153324177612099,1
4,root.16S.1.raw.tn2.glmer.pca.n100_PC4,8287,1.7771889247741,1
4,root.16S.1.raw.tn2.glmer.pca.n100_PC4,8288,-4.93342554744969,1
4,root.16S.1.raw.tn2.glmer.pca.n100_PC4,8289,1.67011861921321,1
4,root.16S.1.raw.tn2.glmer.pca.n100_PC4,8290,-0.616267036485489,1
4,root.16S.1.raw.tn2.glmer.pca.n100_PC4,8291,4.14239090265219,1
4,root.16S.1.raw.tn2.glmer.pca.n100_PC4,8292,1.25416259350842,1
4,root.16S.1.raw.tn2.glmer.pca.n100_PC4,8293,2.99843569328639,1
4,root.16S.1.raw.tn2.glmer.pca.n100_PC4,8294,-2.7268528236058,1
4,root.16S.1.raw.tn2.glmer.pca.n100_PC4,8295,-0.810707243492839,1
4,root.16S.1.raw.tn2.glmer.pca.n100_PC4,8296,3.83469287807364,1
4,root.16S.1.raw.tn2.glmer.pca.n100_PC4,8297,1.19421136442987,1
4,root.16S.1.raw.tn2.glmer.pca.n100_PC4,8298,-6.60609903407249,1
4,root.16S.1.raw.tn2.glmer.pca.n100_PC4,8299,3.19098126445087,1
4,root.16S.1.raw.tn2.glmer.pca.n100_PC4,8300,2.04881394823294,1
4,root.16S.1.raw.tn2.glmer.pca.n100_PC4,8301,1.51498764220293,1
4,root.16S.1.raw.tn2.glmer.pca.n100_PC4,8303,-2.5728199818607,1
4,root.16S.1.raw.tn2.glmer.pca.n100_PC4,8304,1.57822409265809,1
4,root.16S.1.raw.tn2.glmer.pca.n100_PC4,8306,-0.761969938023216,1
4,root.16S.1.raw.tn2.glmer.pca.n100_PC4,8308,0.1471022583492,1
4,root.16S.1.raw.tn2.glmer.pca.n100_PC4,8309,0.234665764249315,1
4,root.16S.1.raw.tn2.glmer.pca.n100_PC4,8310,2.52581246363129,1
4,root.16S.1.raw.tn2.glmer.pca.n100_PC4,8311,2.67846363582442,1
4,root.16S.1.raw.tn2.glmer.pca.n100_PC4,8312,-3.86364848708949,1
4,root.16S.1.raw.tn2.glmer.pca.n100_PC4,8313,0.897018146794825,1
4,root.16S.1.raw.tn2.glmer.pca.n100_PC4,8314,2.20395251922524,1
4,root.16S.1.raw.tn2.glmer.pca.n100_PC4,8316,0.692556155211832,1
4,root.16S.1.raw.tn2.glmer.pca.n100_PC4,8317,0.532101887727849,1
4,root.16S.1.raw.tn2.glmer.pca.n100_PC4,8318,1.79228289666883,1
4,root.16S.1.raw.tn2.glmer.pca.n100_PC4,8319,4.44953819925743,1
4,root.16S.1.raw.tn2.glmer.pca.n100_PC4,8320,2.51095082591557,1
4,root.16S.1.raw.tn2.glmer.pca.n100_PC4,8321,2.29115943362988,1
4,root.16S.1.raw.tn2.glmer.pca.n100_PC4,8322,0.547430011481088,1
4,root.16S.1.raw.tn2.glmer.pca.n100_PC4,8323,2.571485230907,1
4,root.16S.1.raw.tn2.glmer.pca.n100_PC4,8324,1.00963069826761,1
4,root.16S.1.raw.tn2.glmer.pca.n100_PC4,8325,-0.344205538161313,1
4,root.16S.1.raw.tn2.glmer.pca.n100_PC4,8326,2.31463971270603,1
4,root.16S.1.raw.tn2.glmer.pca.n100_PC4,8328,0.0199898559424509,1
4,root.16S.1.raw.tn2.glmer.pca.n100_PC4,8329,-3.09064375568067,1
4,root.16S.1.raw.tn2.glmer.pca.n100_PC4,8332,3.02605973687918,1
4,root.16S.1.raw.tn2.glmer.pca.n100_PC4,8333,2.26204868290524,1
4,root.16S.1.raw.tn2.glmer.pca.n100_PC4,8334,-1.88951032839132,1
4,root.16S.1.raw.tn2.glmer.pca.n100_PC4,8335,0.246736653859283,1
4,root.16S.1.raw.tn2.glmer.pca.n100_PC4,8336,2.0399953263036,1
4,root.16S.1.raw.tn2.glmer.pca.n100_PC4,8337,3.01538748525481,1
4,root.16S.1.raw.tn2.glmer.pca.n100_PC4,8338,-0.192299620578908,1
4,root.16S.1.raw.tn2.glmer.pca.n100_PC4,8339,1.01262143917667,1
4,root.16S.1.raw.tn2.glmer.pca.n100_PC4,8340,3.23888427284769,1
4,root.16S.1.raw.tn2.glmer.pca.n100_PC4,8341,0.174710560110384,1
4,root.16S.1.raw.tn2.glmer.pca.n100_PC4,8342,0.697056808519406,1
4,root.16S.1.raw.tn2.glmer.pca.n100_PC4,8343,1.33322651354164,1
4,root.16S.1.raw.tn2.glmer.pca.n100_PC4,8344,0.80202668806838,1
4,root.16S.1.raw.tn2.glmer.pca.n100_PC4,8345,3.33723623283878,1
4,root.16S.1.raw.tn2.glmer.pca.n100_PC4,8346,2.95737467185487,1
4,root.16S.1.raw.tn2.glmer.pca.n100_PC4,8347,2.24753693865154,1
4,root.16S.1.raw.tn2.glmer.pca.n100_PC4,8348,0.0289695740433651,1
4,root.16S.1.raw.tn2.glmer.pca.n100_PC4,8349,0.391538548985287,1
4,root.16S.1.raw.tn2.glmer.pca.n100_PC4,8350,1.57590186176896,1
4,root.16S.1.raw.tn2.glmer.pca.n100_PC4,8351,-0.103675707050329,1
4,root.16S.1.raw.tn2.glmer.pca.n100_PC4,8352,-0.145982621478937,1
4,root.16S.1.raw.tn2.glmer.pca.n100_PC4,8353,-0.745895566230326,1
4,root.16S.1.raw.tn2.glmer.pca.n100_PC4,8354,3.4320391750325,1
4,root.16S.1.raw.tn2.glmer.pca.n100_PC4,8355,3.53903467783874,1
4,root.16S.1.raw.tn2.glmer.pca.n100_PC4,8356,3.018859869598,1
4,root.16S.1.raw.tn2.glmer.pca.n100_PC4,8358,0.485028546084029,1
4,root.16S.1.raw.tn2.glmer.pca.n100_PC4,8359,-5.7069617312499,1
4,root.16S.1.raw.tn2.glmer.pca.n100_PC4,8360,0.99183200590083,1
4,root.16S.1.raw.tn2.glmer.pca.n100_PC4,8361,1.4231567914271,1
4,root.16S.1.raw.tn2.glmer.pca.n100_PC4,8362,-1.65016543271169,1
4,root.16S.1.raw.tn2.glmer.pca.n100_PC4,8363,-0.745602264521478,1
4,root.16S.1.raw.tn2.glmer.pca.n100_PC4,8364,1.70963179678457,1
4,root.16S.1.raw.tn2.glmer.pca.n100_PC4,8365,-4.79905755841319,1
4,root.16S.1.raw.tn2.glmer.pca.n100_PC4,8366,-1.37826816027497,1
4,root.16S.1.raw.tn2.glmer.pca.n100_PC4,8367,-7.39598888652961,1
4,root.16S.1.raw.tn2.glmer.pca.n100_PC4,8368,-0.464883406066895,1
4,root.16S.1.raw.tn2.glmer.pca.n100_PC4,8369,-0.571043303486458,1
4,root.16S.1.raw.tn2.glmer.pca.n100_PC4,8370,0.896308486549464,1
4,root.16S.1.raw.tn2.glmer.pca.n100_PC4,8371,2.15020295402485,1
4,root.16S.1.raw.tn2.glmer.pca.n100_PC4,8372,0.28342686389354,1
4,root.16S.1.raw.tn2.glmer.pca.n100_PC4,8373,-5.17682208260338,1
4,root.16S.1.raw.tn2.glmer.pca.n100_PC4,8374,-1.46127248363138,1
4,root.16S.1.raw.tn2.glmer.pca.n100_PC4,8375,-4.05639130700897,1
4,root.16S.1.raw.tn2.glmer.pca.n100_PC4,8376,-4.84622947233707,1
4,root.16S.1.raw.tn2.glmer.pca.n100_PC4,8377,-1.59948995867331,1
4,root.16S.1.raw.tn2.glmer.pca.n100_PC4,8378,-1.9281748129333,1
4,root.16S.1.raw.tn2.glmer.pca.n100_PC4,8379,2.51268523301583,1
4,root.16S.1.raw.tn2.glmer.pca.n100_PC4,8380,-2.02738129188124,1
4,root.16S.1.raw.tn2.glmer.pca.n100_PC4,8381,0.792003640722594,1
4,root.16S.1.raw.tn2.glmer.pca.n100_PC4,8382,0.0425227557778466,1
4,root.16S.1.raw.tn2.glmer.pca.n100_PC4,8383,2.99181311564012,1
4,root.16S.1.raw.tn2.glmer.pca.n100_PC4,8384,-1.71075893267708,1
4,root.16S.1.raw.tn2.glmer.pca.n100_PC4,8385,1.79656780390955,1
4,root.16S.1.raw.tn2.glmer.pca.n100_PC4,8386,-0.900604810992041,1
4,root.16S.1.raw.tn2.glmer.pca.n100_PC4,8387,-2.30695806980014,1
4,root.16S.1.raw.tn2.glmer.pca.n100_PC4,8388,-0.872676991828775,1
4,root.16S.1.raw.tn2.glmer.pca.n100_PC4,8389,-1.31237729720015,1
4,root.16S.1.raw.tn2.glmer.pca.n100_PC4,8390,-1.07588595692297,1
4,root.16S.1.raw.tn2.glmer.pca.n100_PC4,8391,-2.14760881823565,1
4,root.16S.1.raw.tn2.glmer.pca.n100_PC4,8392,-0.905306436328242,1
4,root.16S.1.raw.tn2.glmer.pca.n100_PC4,8393,-1.3950347508543,1
4,root.16S.1.raw.tn2.glmer.pca.n100_PC4,8394,-2.13386973447372,1
4,root.16S.1.raw.tn2.glmer.pca.n100_PC4,8395,-2.8026047851924,1
4,root.16S.1.raw.tn2.glmer.pca.n100_PC4,8396,-0.093958624229991,1
4,root.16S.1.raw.tn2.glmer.pca.n100_PC4,8397,0.355333617694153,1
4,root.16S.1.raw.tn2.glmer.pca.n100_PC4,8398,0.54075973971511,1
4,root.16S.1.raw.tn2.glmer.pca.n100_PC4,8399,-2.53481892424602,1
4,root.16S.1.raw.tn2.glmer.pca.n100_PC4,8400,1.07380636458981,1
4,root.16S.1.raw.tn2.glmer.pca.n100_PC4,8401,-0.499888618376861,1
4,root.16S.1.raw.tn2.glmer.pca.n100_PC4,8402,-0.390100543880631,1
4,root.16S.1.raw.tn2.glmer.pca.n100_PC4,8403,0.110577073409444,1
4,root.16S.1.raw.tn2.glmer.pca.n100_PC4,8404,-6.71469874884577,1
4,root.16S.1.raw.tn2.glmer.pca.n100_PC4,8405,-0.757010938392109,1
4,root.16S.1.raw.tn2.glmer.pca.n100_PC4,8406,1.64864991978939,1
4,root.16S.1.raw.tn2.glmer.pca.n100_PC4,8407,2.20649014295558,1
4,root.16S.1.raw.tn2.glmer.pca.n100_PC4,8408,0.676443966977431,1
4,root.16S.1.raw.tn2.glmer.pca.n100_PC4,8409,2.576459399629,1
4,root.16S.1.raw.tn2.glmer.pca.n100_PC4,8410,-5.94811575600043,1
4,root.16S.1.raw.tn2.glmer.pca.n100_PC4,8412,-4.85995844922283,1
4,root.16S.1.raw.tn2.glmer.pca.n100_PC4,8420,1.22629661779874,1
4,root.16S.1.raw.tn2.glmer.pca.n100_PC4,8421,-1.27302454930691,1
4,root.16S.1.raw.tn2.glmer.pca.n100_PC4,8422,0.958198786016951,1
4,root.16S.1.raw.tn2.glmer.pca.n100_PC4,8423,-2.32331394349209,1
4,root.16S.1.raw.tn2.glmer.pca.n100_PC4,8424,1.97985873022147,1
4,root.16S.1.raw.tn2.glmer.pca.n100_PC4,8426,4.18399380930682,1
4,root.16S.1.raw.tn2.glmer.pca.n100_PC4,8428,3.06070667717722,1
4,root.16S.1.raw.tn2.glmer.pca.n100_PC4,8429,-5.36532100229816,1
4,root.16S.1.raw.tn2.glmer.pca.n100_PC4,8430,3.47042492926419,1
4,root.16S.1.raw.tn2.glmer.pca.n100_PC4,9057,-1.22030094858113,1
4,root.16S.1.raw.tn2.glmer.pca.n100_PC4,9058,-1.14089423867513,1
5,root.16S.1.raw.tn2.glmer.pca.n100_PC5,5837,-0.473752525854589,1
5,root.16S.1.raw.tn2.glmer.pca.n100_PC5,6008,4.20966990514675,1
5,root.16S.1.raw.tn2.glmer.pca.n100_PC5,6009,0.844254951165158,1
5,root.16S.1.raw.tn2.glmer.pca.n100_PC5,6016,-0.817718849382064,1
5,root.16S.1.raw.tn2.glmer.pca.n100_PC5,6024,1.03933911066941,1
5,root.16S.1.raw.tn2.glmer.pca.n100_PC5,6039,-2.4083844987373,1
5,root.16S.1.raw.tn2.glmer.pca.n100_PC5,6040,2.20188766771385,1
5,root.16S.1.raw.tn2.glmer.pca.n100_PC5,6042,3.77012804602667,1
5,root.16S.1.raw.tn2.glmer.pca.n100_PC5,6043,1.2771381510026,1
5,root.16S.1.raw.tn2.glmer.pca.n100_PC5,6046,0.978238833343668,1
5,root.16S.1.raw.tn2.glmer.pca.n100_PC5,6064,1.30956990997621,1
5,root.16S.1.raw.tn2.glmer.pca.n100_PC5,6074,2.08036036986074,1
5,root.16S.1.raw.tn2.glmer.pca.n100_PC5,6088,-4.95549310158491,1
5,root.16S.1.raw.tn2.glmer.pca.n100_PC5,6243,4.7934103918898,1
5,root.16S.1.raw.tn2.glmer.pca.n100_PC5,6909,3.09806717058949,1
5,root.16S.1.raw.tn2.glmer.pca.n100_PC5,8222,-1.18033403760215,1
5,root.16S.1.raw.tn2.glmer.pca.n100_PC5,8230,-3.10983670535069,1
5,root.16S.1.raw.tn2.glmer.pca.n100_PC5,8231,-0.601847874908364,1
5,root.16S.1.raw.tn2.glmer.pca.n100_PC5,8233,-2.27700359358355,1
5,root.16S.1.raw.tn2.glmer.pca.n100_PC5,8234,-2.75996217365506,1
5,root.16S.1.raw.tn2.glmer.pca.n100_PC5,8235,0.221557954340757,1
5,root.16S.1.raw.tn2.glmer.pca.n100_PC5,8236,-1.05813785276622,1
5,root.16S.1.raw.tn2.glmer.pca.n100_PC5,8237,1.07835370210758,1
5,root.16S.1.raw.tn2.glmer.pca.n100_PC5,8238,1.25676034421234,1
5,root.16S.1.raw.tn2.glmer.pca.n100_PC5,8239,0.982565319072909,1
5,root.16S.1.raw.tn2.glmer.pca.n100_PC5,8240,-0.56558527893342,1
5,root.16S.1.raw.tn2.glmer.pca.n100_PC5,8241,1.09526789645245,1
5,root.16S.1.raw.tn2.glmer.pca.n100_PC5,8242,0.831541770677855,1
5,root.16S.1.raw.tn2.glmer.pca.n100_PC5,8243,3.22755452906975,1
5,root.16S.1.raw.tn2.glmer.pca.n100_PC5,8244,0.651098066534175,1
5,root.16S.1.raw.tn2.glmer.pca.n100_PC5,8245,-2.26681605073137,1
5,root.16S.1.raw.tn2.glmer.pca.n100_PC5,8246,6.00713476235449,1
5,root.16S.1.raw.tn2.glmer.pca.n100_PC5,8247,2.36195237157988,1
5,root.16S.1.raw.tn2.glmer.pca.n100_PC5,8248,2.65633080331467,1
5,root.16S.1.raw.tn2.glmer.pca.n100_PC5,8249,-3.15570378971678,1
5,root.16S.1.raw.tn2.glmer.pca.n100_PC5,8251,-2.20450730454571,1
5,root.16S.1.raw.tn2.glmer.pca.n100_PC5,8253,-0.526368093147354,1
5,root.16S.1.raw.tn2.glmer.pca.n100_PC5,8254,-0.236371870310817,1
5,root.16S.1.raw.tn2.glmer.pca.n100_PC5,8256,-2.78361732700129,1
5,root.16S.1.raw.tn2.glmer.pca.n100_PC5,8257,-2.58699798648565,1
5,root.16S.1.raw.tn2.glmer.pca.n100_PC5,8258,-1.01826915722365,1
5,root.16S.1.raw.tn2.glmer.pca.n100_PC5,8259,-2.24153175219328,1
5,root.16S.1.raw.tn2.glmer.pca.n100_PC5,8261,3.64209282381142,1
5,root.16S.1.raw.tn2.glmer.pca.n100_PC5,8262,1.478811019362,1
5,root.16S.1.raw.tn2.glmer.pca.n100_PC5,8263,1.44361117674886,1
5,root.16S.1.raw.tn2.glmer.pca.n100_PC5,8264,2.71430173373938,1
5,root.16S.1.raw.tn2.glmer.pca.n100_PC5,8265,0.0652723056780502,1
5,root.16S.1.raw.tn2.glmer.pca.n100_PC5,8266,-2.71796825193899,1
5,root.16S.1.raw.tn2.glmer.pca.n100_PC5,8268,-1.7219697956413,1
5,root.16S.1.raw.tn2.glmer.pca.n100_PC5,8269,0.251579479601016,1
5,root.16S.1.raw.tn2.glmer.pca.n100_PC5,8270,-1.12794964279992,1
5,root.16S.1.raw.tn2.glmer.pca.n100_PC5,8271,1.12679689016627,1
5,root.16S.1.raw.tn2.glmer.pca.n100_PC5,8272,-2.03152568475451,1
5,root.16S.1.raw.tn2.glmer.pca.n100_PC5,8274,-0.398601419313041,1
5,root.16S.1.raw.tn2.glmer.pca.n100_PC5,8275,-1.66366544111208,1
5,root.16S.1.raw.tn2.glmer.pca.n100_PC5,8276,2.23663788577774,1
5,root.16S.1.raw.tn2.glmer.pca.n100_PC5,8277,0.437791750347106,1
5,root.16S.1.raw.tn2.glmer.pca.n100_PC5,8278,1.58958133057011,1
5,root.16S.1.raw.tn2.glmer.pca.n100_PC5,8280,-2.00265197761634,1
5,root.16S.1.raw.tn2.glmer.pca.n100_PC5,8283,0.250874341709695,1
5,root.16S.1.raw.tn2.glmer.pca.n100_PC5,8284,-0.902359334045211,1
5,root.16S.1.raw.tn2.glmer.pca.n100_PC5,8285,-3.27879285290263,1
5,root.16S.1.raw.tn2.glmer.pca.n100_PC5,8287,-0.819377261089006,1
5,root.16S.1.raw.tn2.glmer.pca.n100_PC5,8288,4.31930545325416,1
5,root.16S.1.raw.tn2.glmer.pca.n100_PC5,8289,-1.29160113734733,1
5,root.16S.1.raw.tn2.glmer.pca.n100_PC5,8290,-1.25067068997377,1
5,root.16S.1.raw.tn2.glmer.pca.n100_PC5,8291,0.634526988567351,1
5,root.16S.1.raw.tn2.glmer.pca.n100_PC5,8292,0.796565261702831,1
5,root.16S.1.raw.tn2.glmer.pca.n100_PC5,8293,-0.765123419751723,1
5,root.16S.1.raw.tn2.glmer.pca.n100_PC5,8294,1.03838463430897,1
5,root.16S.1.raw.tn2.glmer.pca.n100_PC5,8295,-2.11838156610153,1
5,root.16S.1.raw.tn2.glmer.pca.n100_PC5,8296,-1.18180938673973,1
5,root.16S.1.raw.tn2.glmer.pca.n100_PC5,8297,-2.90775583833724,1
5,root.16S.1.raw.tn2.glmer.pca.n100_PC5,8298,4.52869230387075,1
5,root.16S.1.raw.tn2.glmer.pca.n100_PC5,8299,0.631528995304195,1
5,root.16S.1.raw.tn2.glmer.pca.n100_PC5,8300,-0.356480283694754,1
5,root.16S.1.raw.tn2.glmer.pca.n100_PC5,8301,-3.3454663401107,1
5,root.16S.1.raw.tn2.glmer.pca.n100_PC5,8303,1.53052715564868,1
5,root.16S.1.raw.tn2.glmer.pca.n100_PC5,8304,0.439671307821847,1
5,root.16S.1.raw.tn2.glmer.pca.n100_PC5,8306,-2.66376626138742,1
5,root.16S.1.raw.tn2.glmer.pca.n100_PC5,8308,1.17253158880895,1
5,root.16S.1.raw.tn2.glmer.pca.n100_PC5,8309,1.75097996930609,1
5,root.16S.1.raw.tn2.glmer.pca.n100_PC5,8310,-0.347043045736169,1
5,root.16S.1.raw.tn2.glmer.pca.n100_PC5,8311,-0.613911164326134,1
5,root.16S.1.raw.tn2.glmer.pca.n100_PC5,8312,1.33637982732336,1
5,root.16S.1.raw.tn2.glmer.pca.n100_PC5,8313,0.289377730353857,1
5,root.16S.1.raw.tn2.glmer.pca.n100_PC5,8314,-0.445549886266,1
5,root.16S.1.raw.tn2.glmer.pca.n100_PC5,8316,1.18207052765037,1
5,root.16S.1.raw.tn2.glmer.pca.n100_PC5,8317,1.83336169142888,1
5,root.16S.1.raw.tn2.glmer.pca.n100_PC5,8318,-3.08476492534972,1
5,root.16S.1.raw.tn2.glmer.pca.n100_PC5,8319,1.16724651349121,1
5,root.16S.1.raw.tn2.glmer.pca.n100_PC5,8320,1.30280561691267,1
5,root.16S.1.raw.tn2.glmer.pca.n100_PC5,8321,-0.807834908226468,1
5,root.16S.1.raw.tn2.glmer.pca.n100_PC5,8322,0.992287717289349,1
5,root.16S.1.raw.tn2.glmer.pca.n100_PC5,8323,-0.449455931947841,1
5,root.16S.1.raw.tn2.glmer.pca.n100_PC5,8324,4.14159917038296,1
5,root.16S.1.raw.tn2.glmer.pca.n100_PC5,8325,-2.33194182763046,1
5,root.16S.1.raw.tn2.glmer.pca.n100_PC5,8326,-1.59236820901267,1
5,root.16S.1.raw.tn2.glmer.pca.n100_PC5,8328,-2.76754288807623,1
5,root.16S.1.raw.tn2.glmer.pca.n100_PC5,8329,1.20150628741711,1
5,root.16S.1.raw.tn2.glmer.pca.n100_PC5,8332,0.679688719430372,1
5,root.16S.1.raw.tn2.glmer.pca.n100_PC5,8333,1.68765168661457,1
5,root.16S.1.raw.tn2.glmer.pca.n100_PC5,8334,-2.80486715002354,1
5,root.16S.1.raw.tn2.glmer.pca.n100_PC5,8335,-0.277449674959718,1
5,root.16S.1.raw.tn2.glmer.pca.n100_PC5,8336,-0.745007765869354,1
5,root.16S.1.raw.tn2.glmer.pca.n100_PC5,8337,1.37749410342453,1
5,root.16S.1.raw.tn2.glmer.pca.n100_PC5,8338,3.96824300125873,1
5,root.16S.1.raw.tn2.glmer.pca.n100_PC5,8339,0.623515265280722,1
5,root.16S.1.raw.tn2.glmer.pca.n100_PC5,8340,-1.45210009915828,1
5,root.16S.1.raw.tn2.glmer.pca.n100_PC5,8341,-1.85697312804594,1
5,root.16S.1.raw.tn2.glmer.pca.n100_PC5,8342,1.36694823132174,1
5,root.16S.1.raw.tn2.glmer.pca.n100_PC5,8343,-1.46996613591929,1
5,root.16S.1.raw.tn2.glmer.pca.n100_PC5,8344,1.19776067325417,1
5,root.16S.1.raw.tn2.glmer.pca.n100_PC5,8345,1.24673467928902,1
5,root.16S.1.raw.tn2.glmer.pca.n100_PC5,8346,0.334384691906472,1
5,root.16S.1.raw.tn2.glmer.pca.n100_PC5,8347,1.94481284392454,1
5,root.16S.1.raw.tn2.glmer.pca.n100_PC5,8348,0.412901757583247,1
5,root.16S.1.raw.tn2.glmer.pca.n100_PC5,8349,1.54062612831485,1
5,root.16S.1.raw.tn2.glmer.pca.n100_PC5,8350,-0.0994186478162833,1
5,root.16S.1.raw.tn2.glmer.pca.n100_PC5,8351,3.2233949848532,1
5,root.16S.1.raw.tn2.glmer.pca.n100_PC5,8352,5.26775705319257,1
5,root.16S.1.raw.tn2.glmer.pca.n100_PC5,8353,2.48235645356252,1
5,root.16S.1.raw.tn2.glmer.pca.n100_PC5,8354,0.772744444411659,1
5,root.16S.1.raw.tn2.glmer.pca.n100_PC5,8355,0.965707669523066,1
5,root.16S.1.raw.tn2.glmer.pca.n100_PC5,8356,2.11231433685863,1
5,root.16S.1.raw.tn2.glmer.pca.n100_PC5,8358,-1.41361602104676,1
5,root.16S.1.raw.tn2.glmer.pca.n100_PC5,8359,-0.0840697301020283,1
5,root.16S.1.raw.tn2.glmer.pca.n100_PC5,8360,-0.899914974885628,1
5,root.16S.1.raw.tn2.glmer.pca.n100_PC5,8361,-0.470134430032098,1
5,root.16S.1.raw.tn2.glmer.pca.n100_PC5,8362,-1.08950140784225,1
5,root.16S.1.raw.tn2.glmer.pca.n100_PC5,8363,-2.5154218911254,1
5,root.16S.1.raw.tn2.glmer.pca.n100_PC5,8364,-1.31770406082968,1
5,root.16S.1.raw.tn2.glmer.pca.n100_PC5,8365,-1.28459813496213,1
5,root.16S.1.raw.tn2.glmer.pca.n100_PC5,8366,-3.18635003588796,1
5,root.16S.1.raw.tn2.glmer.pca.n100_PC5,8367,1.32053733551413,1
5,root.16S.1.raw.tn2.glmer.pca.n100_PC5,8368,-1.3071314796402,1
5,root.16S.1.raw.tn2.glmer.pca.n100_PC5,8369,-2.66897153469158,1
5,root.16S.1.raw.tn2.glmer.pca.n100_PC5,8370,0.106287005890815,1
5,root.16S.1.raw.tn2.glmer.pca.n100_PC5,8371,-1.04803365630359,1
5,root.16S.1.raw.tn2.glmer.pca.n100_PC5,8372,1.25012348807781,1
5,root.16S.1.raw.tn2.glmer.pca.n100_PC5,8373,1.62235756793327,1
5,root.16S.1.raw.tn2.glmer.pca.n100_PC5,8374,-4.54152853732525,1
5,root.16S.1.raw.tn2.glmer.pca.n100_PC5,8375,-1.74198496138099,1
5,root.16S.1.raw.tn2.glmer.pca.n100_PC5,8376,-2.11587408091492,1
5,root.16S.1.raw.tn2.glmer.pca.n100_PC5,8377,1.73365546917453,1
5,root.16S.1.raw.tn2.glmer.pca.n100_PC5,8378,-1.33278829792572,1
5,root.16S.1.raw.tn2.glmer.pca.n100_PC5,8379,-1.72627059477159,1
5,root.16S.1.raw.tn2.glmer.pca.n100_PC5,8380,-1.29552061508205,1
5,root.16S.1.raw.tn2.glmer.pca.n100_PC5,8381,0.762684832888904,1
5,root.16S.1.raw.tn2.glmer.pca.n100_PC5,8382,-0.367113988338124,1
5,root.16S.1.raw.tn2.glmer.pca.n100_PC5,8383,2.22551568018786,1
5,root.16S.1.raw.tn2.glmer.pca.n100_PC5,8384,-3.59552584908877,1
5,root.16S.1.raw.tn2.glmer.pca.n100_PC5,8385,5.85625097694483,1
5,root.16S.1.raw.tn2.glmer.pca.n100_PC5,8386,-4.06221972081729,1
5,root.16S.1.raw.tn2.glmer.pca.n100_PC5,8387,-4.62839409846325,1
5,root.16S.1.raw.tn2.glmer.pca.n100_PC5,8388,-0.0557582972862437,1
5,root.16S.1.raw.tn2.glmer.pca.n100_PC5,8389,-0.593548323886667,1
5,root.16S.1.raw.tn2.glmer.pca.n100_PC5,8390,-3.12900407571278,1
5,root.16S.1.raw.tn2.glmer.pca.n100_PC5,8391,-3.59792134945365,1
5,root.16S.1.raw.tn2.glmer.pca.n100_PC5,8392,-4.52862691984905,1
5,root.16S.1.raw.tn2.glmer.pca.n100_PC5,8393,-1.45014685234666,1
5,root.16S.1.raw.tn2.glmer.pca.n100_PC5,8394,-1.0064302882391,1
5,root.16S.1.raw.tn2.glmer.pca.n100_PC5,8395,1.98745606417376,1
5,root.16S.1.raw.tn2.glmer.pca.n100_PC5,8396,-3.06204567726186,1
5,root.16S.1.raw.tn2.glmer.pca.n100_PC5,8397,1.02186188064591,1
5,root.16S.1.raw.tn2.glmer.pca.n100_PC5,8398,-2.56527588990847,1
5,root.16S.1.raw.tn2.glmer.pca.n100_PC5,8399,-0.240069553746692,1
5,root.16S.1.raw.tn2.glmer.pca.n100_PC5,8400,0.47677221382879,1
5,root.16S.1.raw.tn2.glmer.pca.n100_PC5,8401,-3.23278616450017,1
5,root.16S.1.raw.tn2.glmer.pca.n100_PC5,8402,-1.84288782167973,1
5,root.16S.1.raw.tn2.glmer.pca.n100_PC5,8403,1.31430763118764,1
5,root.16S.1.raw.tn2.glmer.pca.n100_PC5,8404,-0.996199049610928,1
5,root.16S.1.raw.tn2.glmer.pca.n100_PC5,8405,-0.756871261218939,1
5,root.16S.1.raw.tn2.glmer.pca.n100_PC5,8406,-1.3521426658136,1
5,root.16S.1.raw.tn2.glmer.pca.n100_PC5,8407,2.82343701627152,1
5,root.16S.1.raw.tn2.glmer.pca.n100_PC5,8408,-2.36162155060058,1
5,root.16S.1.raw.tn2.glmer.pca.n100_PC5,8409,2.3597049409627,1
5,root.16S.1.raw.tn2.glmer.pca.n100_PC5,8410,4.21190532672065,1
5,root.16S.1.raw.tn2.glmer.pca.n100_PC5,8412,-0.475354539839935,1
5,root.16S.1.raw.tn2.glmer.pca.n100_PC5,8420,-2.96198502681512,1
5,root.16S.1.raw.tn2.glmer.pca.n100_PC5,8421,2.39247448368181,1
5,root.16S.1.raw.tn2.glmer.pca.n100_PC5,8422,-0.886677715261587,1
5,root.16S.1.raw.tn2.glmer.pca.n100_PC5,8423,1.29106401714862,1
5,root.16S.1.raw.tn2.glmer.pca.n100_PC5,8424,-1.60003885101829,1
5,root.16S.1.raw.tn2.glmer.pca.n100_PC5,8426,11.5013193823815,1
5,root.16S.1.raw.tn2.glmer.pca.n100_PC5,8428,4.97485000194621,1
5,root.16S.1.raw.tn2.glmer.pca.n100_PC5,8429,0.975597489202581,1
5,root.16S.1.raw.tn2.glmer.pca.n100_PC5,8430,0.918184496836886,1
5,root.16S.1.raw.tn2.glmer.pca.n100_PC5,9057,-1.79630130309287,1
5,root.16S.1.raw.tn2.glmer.pca.n100_PC5,9058,-1.72555245572605,1
